71	61
35	53
31	43
75	40
103	94
49	55
38	53
42	77
34	44
133	135
127	130
79	67
106	87
102	108
105	88
38	38
241	244
234	273
255	261
203	301
75	67
82	68
124	121
105	63
88	124
115	86
63	51
52	42
75	110
67	86
60	75
49	102
46	34
192	190
96	86
67	59
77	142
88	70
60	100
269	208
64	60
40	64
66	74
79	78
82	69
79	60
89	52
61	75
28	28
45	36
49	49
63	70
75	85
56	54
85	124
43	33
91	83
62	66
93	58
52	56
185	85
64	97
102	94
124	126
61	82
147	132
80	86
67	63
125	111
127	130
82	79
76	76
26	33
62	66
108	46
112	73
63	99
98	77
40	43
307	123
64	76
173	91
186	161
225	129
68	92
130	115
98	129
47	46
59	51
65	77
94	46
66	36
145	71
126	130
70	65
77	127
64	31
60	64
37	34
183	228
156	147
175	120
50	76
35	45
71	76
36	43
78	25
136	66
56	48
67	63
84	58
137	114
51	89
120	105
132	124
54	92
102	52
53	85
227	251
109	107
155	76
107	94
157	112
84	90
59	42
141	142
53	73
58	42
98	82
47	34
88	62
74	94
52	55
111	43
130	44
88	103
93	55
53	51
101	107
245	225
257	164
178	125
95	161
159	145
98	116
78	53
70	153
41	52
45	39
47	45
37	41
41	33
53	55
68	63
36	36
46	47
72	73
35	37
74	72
71	47
33	37
26	26
89	99
51	31
52	45
170	164
125	132
95	98
38	59
58	59
55	40
50	30
26	43
50	30
32	36
24	35
45	67
68	73
153	121
136	125
115	105
55	48
38	53
151	52
139	153
86	110
111	112
105	112
122	121
135	121
61	44
87	80
41	33
44	40
70	52
180	296
49	60
60	123
142	172
227	134
262	129
226	157
286	135
73	59
67	70
61	62
56	56
113	81
60	48
69	66
61	61
98	92
43	49
34	48
30	40
64	95
102	84
61	47
47	51
243	287
306	241
237	265
210	183
109	137
186	86
124	100
151	79
156	155
108	127
47	97
127	100
149	68
176	214
173	113
127	95
97	97
112	77
126	69
48	56
41	43
218	114
300	232
141	205
220	237
212	191
220	207
124	111
94	105
38	72
60	91
133	134
133	103
100	105
79	77
77	44
84	68
31	29
58	44
54	72
36	46
101	103
87	93
51	93
90	104
78	117
48	105
63	56
61	141
71	62
41	24
76	48
119	122
112	158
117	117
54	95
114	128
51	77
60	41
113	98
88	87
95	87
207	136
138	85
95	91
140	129
128	141
90	110
69	105
91	104
201	171
151	180
186	130
153	155
113	150
111	199
134	93
206	116
116	78
215	143
205	212
183	86
76	110
157	105
206	162
80	188
270	257
290	196
161	164
147	197
183	123
89	211
129	88
91	68
127	92
74	96
112	103
102	64
50	62
113	92
102	104
79	145
194	69
123	120
105	145
53	50
63	42
93	73
82	36
57	121
200	94
128	92
60	90
123	63
71	46
21	30
66	71
97	89
43	35
35	39
28	58
38	43
41	44
35	30
37	50
76	69
33	61
53	26
23	45
40	127
97	40
66	55
22	51
58	46
105	91
70	93
97	44
57	54
57	63
158	259
83	81
102	102
50	55
145	95
84	120
108	80
233	302
57	64
126	110
131	103
86	87
62	59
124	127
19	75
78	89
53	45
84	96
100	100
98	57
59	102
142	131
56	97
125	64
103	64
37	104
65	86
42	45
84	80
86	60
67	37
163	129
33	54
40	52
60	51
74	80
27	22
39	43
34	68
34	21
58	41
81	90
48	35
67	80
66	54
28	48
127	75
145	132
183	176
134	118
82	75
78	82
95	79
88	80
30	35
29	29
65	65
58	79
55	59
83	79
79	56
199	46
200	41
116	68
55	74
69	64
45	52
42	33
179	68
98	96
72	97
66	40
45	58
110	40
74	40
128	59
123	79
240	183
123	140
176	105
89	102
126	103
75	102
120	121
114	122
76	90
68	58
47	54
53	67
85	100
124	123
130	113
118	105
96	75
53	66
64	121
123	91
48	48
39	41
44	49
41	41
28	44
47	35
65	80
89	84
51	44
73	83
37	44
102	93
81	80
101	200
98	110
118	161
69	71
42	66
116	115
88	61
86	68
225	237
162	101
40	41
91	89
153	146
61	81
118	77
62	76
91	89
123	185
98	106
58	47
101	102
96	63
112	120
98	89
106	149
106	75
37	58
98	44
65	47
66	49
37	89
176	117
186	149
128	86
294	204
58	200
83	83
72	75
77	96
82	52
109	128
81	125
277	164
143	106
76	113
77	45
145	105
161	162
116	111
118	115
67	70
105	52
160	145
76	75
74	74
54	61
55	71
31	52
51	33
65	41
57	56
63	29
79	64
151	81
849	735
106	187
220	97
75	94
112	106
87	94
86	63
209	266
212	143
161	123
179	71
80	107
168	76
72	75
260	266
142	173
119	122
258	129
84	116
55	68
94	103
40	43
41	38
55	129
34	82
89	56
96	34
132	126
66	81
104	138
145	78
164	97
90	114
54	113
57	67
26	58
42	25
79	51
85	79
68	34
71	50
26	36
100	100
71	69
103	101
60	55
149	129
95	65
102	57
55	65
93	38
97	92
126	124
44	44
60	133
66	94
28	30
34	67
31	28
80	86
37	32
67	50
47	51
57	29
175	197
83	154
169	146
80	79
83	34
120	54
273	281
151	186
142	160
143	129
172	164
75	92
111	121
286	192
101	114
114	112
66	104
54	68
78	59
77	73
23	66
72	83
55	53
48	47
59	79
64	67
253	231
179	354
189	93
195	99
53	104
34	56
82	50
92	108
51	96
114	111
55	66
68	88
140	58
127	115
83	110
90	111
54	63
75	59
132	69
97	114
74	117
149	109
57	58
68	73
60	92
118	110
57	58
133	70
51	89
53	107
58	56
78	69
30	44
28	23
33	34
33	57
21	47
118	125
81	81
211	127
48	87
143	137
82	78
221	229
137	176
267	301
53	60
50	50
53	58
61	48
63	55
109	63
131	126
131	70
77	73
80	80
116	122
194	127
139	127
120	125
100	106
133	136
90	108
66	61
114	168
149	167
169	248
124	255
244	243
177	179
126	175
243	170
134	86
155	49
145	46
49	46
70	63
75	65
80	57
31	41
69	73
91	71
65	79
71	64
60	58
42	40
30	29
84	51
45	38
67	48
69	86
85	103
62	58
75	78
113	42
132	131
51	43
106	108
98	85
76	63
107	94
149	70
33	86
43	49
131	124
76	109
79	57
64	97
126	131
33	33
64	95
63	77
124	88
112	94
52	53
35	50
138	129
74	104
55	59
155	171
191	164
50	75
50	101
37	94
95	102
54	57
62	101
33	70
86	86
56	63
41	46
87	89
69	72
59	82
92	88
32	79
37	26
43	65
126	122
87	89
119	108
87	77
49	48
66	45
34	91
143	149
96	103
47	49
89	106
125	73
95	110
104	103
89	71
64	66
46	41
46	30
70	54
30	37
54	63
94	89
55	53
44	47
36	46
103	93
162	118
61	179
117	219
175	115
57	78
81	104
76	66
28	29
40	44
66	38
87	26
100	65
73	70
35	45
37	46
321	227
202	238
223	185
182	171
170	160
219	132
151	116
92	131
90	93
95	99
55	99
132	131
129	119
57	72
63	74
105	83
43	57
104	127
130	129
48	65
48	52
67	143
75	114
58	69
86	86
99	48
213	196
164	74
150	124
213	138
306	83
310	88
89	91
149	93
82	93
169	167
46	58
46	37
64	63
123	119
74	102
147	132
65	75
108	100
38	96
120	52
91	97
57	90
138	72
118	114
46	98
52	46
85	52
41	39
65	71
37	35
61	62
53	66
37	55
47	57
78	48
98	80
34	40
77	58
91	46
21	49
75	66
77	72
44	41
71	61
24	27
29	26
42	39
87	82
36	69
75	73
67	54
136	72
332	308
177	226
114	111
93	123
58	62
136	91
53	63
108	62
62	90
60	74
130	122
68	75
79	96
153	149
77	96
69	65
74	63
87	78
60	131
96	40
73	77
314	241
208	255
234	240
139	175
106	138
60	65
65	75
92	62
82	82
213	298
255	259
69	52
47	47
52	51
55	58
51	71
66	39
55	36
55	42
73	131
54	71
49	45
74	113
89	73
121	113
69	60
90	39
169	53
96	131
94	118
147	127
36	44
89	118
114	117
96	76
100	71
86	80
87	91
65	50
53	48
49	63
147	197
328	302
272	230
93	218
112	167
55	73
171	23
163	148
84	82
77	84
101	81
67	68
53	68
124	130
64	104
85	57
198	149
201	152
66	74
58	47
72	57
31	29
53	55
62	47
78	46
86	87
60	85
77	86
64	84
169	97
201	162
120	121
44	77
121	89
77	71
104	99
42	88
61	95
192	284
136	88
64	82
69	61
46	52
159	132
43	55
163	136
42	38
109	126
164	170
138	135
219	258
142	182
161	201
166	275
60	53
115	49
39	53
121	89
125	115
54	90
137	89
150	116
154	124
192	187
48	39
62	68
63	34
17	23
43	50
78	69
35	38
69	68
121	193
146	215
146	173
220	145
197	110
223	210
111	162
117	90
54	133
119	88
113	68
116	50
129	58
44	58
46	55
114	86
86	82
66	70
76	76
89	63
38	47
71	71
34	51
55	43
43	24
29	31
59	57
60	63
48	75
118	39
95	102
31	64
46	90
99	109
52	65
81	56
26	45
66	74
71	84
54	56
57	79
39	43
67	83
95	123
73	77
193	56
68	108
53	136
70	217
62	92
69	106
97	88
31	89
40	50
46	34
101	58
62	95
79	95
47	118
41	57
124	53
64	98
36	45
87	93
146	48
93	95
79	69
39	89
126	113
131	128
95	113
119	80
91	84
92	81
109	68
45	65
62	56
119	116
64	68
57	49
61	71
50	43
68	67
57	53
54	58
89	195
90	107
82	60
44	65
49	46
54	72
99	81
84	66
182	97
244	183
224	183
193	189
190	160
161	225
115	260
132	126
107	98
85	72
104	93
88	81
45	43
273	201
267	138
150	199
252	274
106	119
137	143
95	93
110	104
57	44
49	49
75	77
39	94
50	95
72	102
99	91
32	63
50	37
35	53
45	48
61	58
140	74
47	70
49	63
90	111
80	95
113	119
53	76
62	51
150	79
115	112
150	119
112	56
51	79
137	66
56	68
59	63
122	109
54	81
118	109
61	83
111	53
45	52
109	129
89	87
123	138
73	62
85	94
67	74
95	79
98	106
99	96
41	46
106	76
58	139
130	42
126	113
128	191
167	103
135	101
90	78
65	54
49	73
36	39
61	59
79	86
28	31
69	78
101	100
46	60
46	44
75	79
19	36
68	112
40	41
50	44
35	45
56	33
58	58
179	209
155	159
162	163
53	51
67	85
165	148
139	116
79	87
93	52
42	100
54	64
107	53
84	90
79	101
72	33
78	132
52	131
93	102
60	88
20	17
137	135
81	46
118	88
145	190
168	174
123	111
208	137
87	63
61	71
66	39
78	79
106	99
141	83
159	238
83	100
78	98
202	81
66	146
160	149
63	168
68	132
28	31
29	47
27	54
48	56
69	57
32	50
23	38
89	69
77	71
32	54
53	35
82	72
70	47
46	52
44	35
27	25
26	23
52	64
26	32
51	57
30	121
61	33
35	44
41	25
22	34
54	34
37	54
65	74
52	85
83	72
209	144
286	195
125	172
59	144
79	59
77	67
44	52
63	73
37	38
31	27
75	49
83	76
43	57
53	34
42	49
61	52
36	52
71	83
72	61
47	51
90	39
190	218
159	167
147	72
72	65
44	88
78	71
90	71
62	52
112	91
71	66
93	102
145	118
121	119
121	129
62	50
78	75
61	62
116	136
83	129
82	82
117	128
65	66
80	89
196	205
190	190
243	236
221	225
274	274
115	113
177	103
147	88
85	115
30	43
172	248
134	193
258	265
269	188
200	135
82	83
59	61
53	59
45	44
83	76
34	57
73	36
42	55
68	83
128	125
68	80
140	74
211	240
200	223
101	50
207	153
229	145
28	62
47	75
74	72
88	79
73	41
60	45
45	67
78	62
59	82
87	77
154	134
148	147
34	58
95	112
42	43
47	77
76	101
74	75
54	49
49	62
254	211
187	199
131	125
80	21
40	88
138	115
52	74
48	131
126	53
32	71
105	70
52	79
142	122
132	52
41	68
99	123
155	155
154	174
96	76
90	90
72	80
44	57
62	49
54	60
61	38
55	93
64	42
36	82
28	40
75	32
29	56
91	36
28	56
71	65
53	62
76	70
38	36
61	53
68	85
105	100
241	259
367	242
158	217
134	90
37	65
149	82
102	102
60	64
78	90
152	130
127	122
111	96
75	85
83	90
208	169
95	161
223	102
152	104
79	151
80	117
407	220
58	59
47	27
34	48
72	74
228	250
71	149
271	228
54	50
65	70
88	33
64	40
36	35
62	77
74	75
66	60
56	72
64	82
71	62
80	83
43	60
56	25
43	49
87	89
63	22
97	142
111	118
89	109
56	91
59	83
147	86
68	49
57	66
46	46
41	47
76	76
84	76
69	65
80	114
94	86
105	121
98	115
47	42
44	43
35	36
90	86
40	35
72	80
195	144
46	42
85	94
73	70
71	70
56	48
115	124
181	92
93	92
52	56
37	31
93	94
82	79
79	83
50	51
92	74
67	65
63	58
88	81
85	80
103	63
61	68
59	53
92	81
53	60
217	189
105	81
50	85
103	73
79	141
119	100
100	117
120	103
100	61
109	80
46	40
64	92
96	108
80	80
110	84
76	74
62	78
44	46
32	42
68	87
73	81
84	89
100	38
35	44
178	144
57	51
49	96
71	49
63	59
40	43
109	96
110	96
115	105
43	81
96	89
33	71
50	67
75	76
110	65
74	145
111	78
60	101
91	63
81	141
103	90
143	132
137	74
140	81
145	133
99	131
124	59
52	129
186	292
112	149
140	150
89	98
192	158
67	83
205	147
132	101
81	135
260	59
111	105
90	142
110	96
91	66
142	68
76	85
180	116
127	127
96	82
101	112
94	89
87	70
27	53
52	49
150	170
146	134
159	165
146	103
192	138
301	334
203	85
138	137
71	79
70	64
111	145
71	79
94	95
168	245
193	107
199	81
111	115
107	110
86	106
105	100
71	75
96	59
65	86
50	39
49	81
78	49
110	62
127	68
44	100
35	45
142	91
37	64
132	114
102	96
107	44
279	247
75	67
47	66
22	27
30	42
34	26
69	61
86	46
75	66
66	43
74	68
47	32
78	70
34	32
39	33
49	40
122	119
82	85
51	62
59	85
61	60
113	79
61	69
38	50
58	28
99	97
58	60
136	144
80	71
131	133
243	217
69	73
214	226
96	81
65	68
85	99
114	98
67	108
103	113
52	39
34	35
122	68
143	107
49	79
195	129
76	65
89	88
84	95
93	103
87	46
55	24
70	62
79	75
34	51
45	53
56	38
77	63
48	64
47	64
56	39
36	44
103	134
84	96
80	101
83	99
130	122
34	94
69	61
154	186
199	230
167	130
102	97
55	83
163	55
69	33
85	89
209	71
72	90
96	130
53	66
49	47
50	64
56	66
36	37
65	86
36	33
41	41
65	51
43	51
39	32
32	28
37	40
52	65
77	69
56	77
69	51
71	56
85	37
31	41
62	59
29	59
64	34
45	38
54	76
73	53
58	30
45	120
72	51
73	75
42	36
45	45
34	29
98	81
33	44
51	46
51	62
115	85
46	84
249	116
59	68
149	141
92	80
32	43
36	43
62	41
76	69
72	59
78	50
83	84
34	51
61	66
61	51
27	33
45	34
142	165
179	184
161	146
170	102
241	198
60	56
90	88
59	45
31	28
86	73
71	58
61	51
43	75
75	69
85	59
68	42
39	35
55	30
25	53
58	79
70	56
77	79
59	52
63	57
44	38
34	90
104	102
169	152
237	123
86	91
27	72
53	70
84	65
91	94
145	123
51	79
76	53
84	80
69	59
127	125
73	70
66	72
109	103
58	62
99	99
112	86
76	77
150	132
157	115
110	168
114	73
179	226
84	34
204	160
120	122
163	156
147	83
144	94
60	51
34	34
38	42
73	113
67	90
53	30
31	50
44	40
269	80
146	29
52	25
67	101
127	122
80	72
93	61
40	82
122	59
92	50
45	53
74	65
71	65
15	46
35	21
81	68
83	41
24	32
124	87
33	38
48	28
67	66
74	46
24	69
24	28
81	67
34	33
70	69
83	85
44	47
58	57
63	72
113	131
47	45
203	46
65	51
138	137
54	61
85	104
75	110
49	43
109	69
82	59
107	66
50	140
123	90
107	60
103	138
53	70
72	56
91	133
116	115
136	131
132	131
68	86
163	84
52	41
41	46
64	82
62	72
79	104
88	102
70	92
65	91
90	88
132	65
125	82
79	99
62	51
80	78
123	107
93	55
41	38
66	35
208	190
91	101
244	218
114	151
134	78
48	86
86	63
102	44
87	71
53	66
99	89
66	46
105	85
72	83
68	81
76	76
129	125
59	46
130	121
85	169
197	125
82	82
165	200
189	223
249	278
216	178
198	180
115	117
75	76
107	75
119	71
95	43
36	28
79	89
40	91
31	36
79	108
92	39
41	55
90	39
122	75
44	98
173	39
105	121
81	111
122	82
43	84
65	42
103	107
41	91
34	41
62	41
110	75
140	90
57	86
38	68
37	22
43	20
20	20
30	34
128	109
141	181
135	137
75	83
58	49
44	49
62	50
73	68
51	54
37	35
41	48
59	55
72	37
88	87
92	52
27	25
89	86
66	69
61	67
39	47
161	161
182	120
46	49
82	81
64	44
39	43
64	72
40	38
102	93
28	26
91	60
66	33
38	35
47	41
56	62
96	61
69	58
55	62
52	79
64	66
133	119
97	89
88	104
111	90
115	106
48	65
149	72
50	84
102	103
47	40
40	56
39	32
145	54
159	158
140	83
138	135
82	70
107	70
204	133
151	106
87	86
259	242
154	172
30	47
33	35
54	47
55	31
34	42
252	302
79	103
116	82
59	60
101	115
42	60
112	93
146	71
108	52
124	109
199	198
187	136
197	162
110	72
113	143
86	122
88	88
61	80
106	75
96	48
118	51
52	106
45	112
267	79
278	80
45	38
84	73
51	34
34	44
31	54
173	175
174	228
59	66
76	73
89	87
42	45
46	50
50	52
38	48
55	62
103	101
82	81
228	206
186	245
183	149
84	84
117	72
73	36
39	69
73	39
80	75
31	61
48	48
71	67
64	52
46	47
81	76
161	180
91	88
137	117
125	66
98	104
101	94
83	73
126	122
103	73
121	57
125	70
70	53
125	113
137	130
110	117
71	98
101	134
107	114
45	109
46	45
94	112
80	112
118	96
74	64
275	268
196	197
91	80
131	90
85	106
76	72
108	90
77	56
154	92
62	83
95	74
56	63
39	45
43	43
109	118
94	86
73	79
117	88
111	119
62	80
90	51
15	45
72	61
26	47
75	38
85	81
69	69
45	46
34	53
81	68
62	94
73	74
90	50
55	43
47	63
83	65
61	34
73	76
111	117
58	68
43	72
204	123
215	181
148	97
162	134
164	199
183	142
78	82
49	49
65	133
96	97
43	112
94	69
166	104
57	68
54	62
79	76
42	47
180	86
49	53
87	88
51	58
46	44
50	52
43	56
91	79
66	36
26	31
143	163
188	192
137	157
140	104
113	71
42	79
122	129
57	71
51	45
55	67
146	166
51	141
128	131
136	215
121	119
92	51
50	74
40	87
95	88
46	58
160	73
67	115
43	89
132	51
53	28
103	79
54	44
65	67
64	57
61	51
56	29
128	55
60	96
89	108
56	39
202	316
72	156
83	77
69	61
30	40
48	63
138	71
63	52
110	106
89	99
87	72
125	100
61	95
58	46
71	71
34	62
28	41
86	38
57	61
61	45
42	58
60	51
135	221
125	117
84	82
162	114
126	146
122	118
42	45
97	59
62	99
46	83
60	50
97	101
146	213
68	143
63	64
70	51
22	39
60	77
46	50
57	40
61	61
120	130
59	121
108	54
47	40
52	28
27	48
48	74
57	52
29	47
97	42
92	62
42	38
29	33
28	28
71	55
61	34
63	62
72	72
79	73
24	25
74	66
93	91
68	59
94	65
150	86
76	57
67	73
200	370
47	46
57	44
84	39
78	71
47	46
41	45
35	40
81	65
67	41
55	61
110	103
37	95
66	105
63	51
82	93
78	96
93	107
85	95
74	83
65	92
46	64
100	57
48	66
44	54
157	76
46	78
48	73
103	52
551	314
463	344
99	84
34	47
55	57
340	320
130	286
79	119
77	80
77	73
69	103
109	128
101	107
60	96
76	123
70	46
89	84
93	78
60	79
67	78
119	85
130	141
89	98
50	48
35	28
86	81
54	60
26	34
41	40
66	80
86	88
46	28
66	71
37	26
242	239
193	195
254	227
216	173
263	260
160	180
90	188
126	227
134	76
107	102
49	88
52	81
109	69
40	111
91	101
67	50
84	35
39	100
66	38
78	52
57	106
57	47
84	102
42	47
60	50
80	87
59	61
68	89
60	72
57	53
68	71
44	39
80	64
138	201
181	180
89	105
125	143
81	77
121	66
57	39
58	41
65	62
48	44
34	51
184	170
124	91
60	81
81	81
31	37
71	60
79	94
106	66
135	35
198	52
49	45
99	75
103	85
125	80
80	74
48	44
40	44
70	102
109	93
39	83
68	120
127	68
128	76
71	79
90	97
80	107
95	98
77	58
73	76
70	77
83	68
81	118
114	119
78	75
104	79
77	46
43	37
59	58
37	53
71	93
69	66
46	82
45	24
36	61
74	72
41	47
51	66
43	93
90	42
43	68
41	51
127	186
193	219
91	98
225	162
160	157
58	68
45	47
27	25
75	82
40	37
40	30
38	35
70	94
45	47
62	75
341	112
71	82
107	77
96	52
51	93
76	102
96	78
135	97
109	35
117	80
77	98
117	105
131	141
86	78
153	118
103	92
80	81
72	68
55	98
97	49
70	80
38	91
90	54
46	95
213	155
132	134
99	84
81	69
89	59
116	76
113	118
75	70
237	219
157	232
328	228
152	222
132	198
107	121
127	130
90	91
65	87
49	58
58	63
72	63
118	74
76	206
76	54
80	54
246	297
206	225
32	90
103	119
58	60
94	89
57	62
69	80
106	63
239	218
124	155
49	84
111	110
93	98
85	100
59	50
93	106
83	57
151	127
95	110
48	91
94	102
113	148
96	106
123	81
120	88
53	89
88	101
65	109
51	96
87	117
154	149
195	102
136	98
111	122
58	55
58	66
42	36
69	75
70	71
81	79
88	74
34	32
79	79
45	52
84	78
26	26
96	54
83	67
81	68
34	49
77	62
81	53
41	41
75	49
58	45
37	34
247	227
181	121
249	95
82	77
44	72
115	34
70	73
105	109
38	63
54	39
60	89
89	112
104	67
48	69
48	26
28	47
88	31
29	77
261	254
261	211
139	175
89	38
162	174
181	99
74	46
37	55
56	62
78	79
110	63
114	92
109	69
138	69
100	78
186	232
243	233
129	71
136	74
33	27
79	66
72	50
82	87
87	69
98	91
136	129
96	60
68	87
64	100
119	68
111	125
332	220
170	104
69	119
47	39
112	99
49	118
133	57
39	68
34	84
116	101
66	76
63	42
48	96
48	45
98	117
109	111
100	63
55	69
67	49
62	40
67	107
79	56
61	62
85	91
117	106
31	90
82	104
177	164
99	126
181	115
224	194
172	173
112	104
54	68
43	45
46	70
83	96
166	76
143	136
103	69
73	103
160	137
78	73
62	47
85	108
113	92
263	270
238	196
218	296
68	100
271	270
230	222
286	289
213	241
60	58
53	50
58	61
51	51
81	86
81	79
63	64
33	34
91	83
67	70
76	61
29	55
75	48
75	56
37	38
37	31
42	66
67	32
38	43
68	61
60	51
48	49
68	59
48	47
41	34
30	58
149	123
65	100
76	74
61	90
106	113
55	52
53	51
64	75
80	44
130	215
81	51
75	65
29	54
33	44
76	77
53	100
29	41
30	46
38	39
37	33
84	71
46	25
103	176
134	158
90	58
128	160
47	120
110	240
111	48
48	73
74	78
87	97
73	53
53	63
102	99
128	101
89	83
39	43
69	71
119	99
39	40
57	88
81	100
82	107
29	37
74	75
95	110
56	58
111	173
58	59
54	76
76	66
73	66
64	56
57	30
31	71
33	54
96	35
74	60
66	44
45	60
33	28
54	46
36	39
89	51
82	32
28	29
52	51
54	55
83	68
80	84
36	55
57	57
41	63
71	47
95	80
93	88
52	43
34	41
78	35
57	49
72	66
41	53
159	152
103	97
196	147
74	128
114	66
184	136
63	102
132	123
80	64
49	43
63	64
55	43
54	44
59	53
87	78
70	72
65	48
25	31
47	78
116	90
29	41
56	65
64	49
79	50
67	60
81	73
34	66
146	154
129	157
86	157
235	85
88	141
146	66
74	73
83	92
55	85
64	84
168	158
186	164
253	137
126	102
54	60
100	199
128	131
76	72
74	73
114	58
114	110
36	72
20	94
129	125
95	103
47	47
130	121
71	82
57	94
113	54
87	93
35	42
56	45
70	86
35	33
46	51
83	102
81	97
86	84
54	32
20	32
31	37
56	34
40	44
91	87
45	35
48	50
85	68
45	50
31	36
36	46
92	46
89	74
96	68
138	140
62	58
65	67
101	118
102	144
94	94
143	132
91	94
80	85
173	142
129	135
118	93
110	170
95	88
67	88
58	54
38	74
155	45
39	108
43	46
70	37
79	171
48	63
49	54
74	73
51	88
38	28
59	72
52	43
62	63
50	59
94	126
60	78
91	93
85	69
109	63
39	28
87	89
53	40
111	92
85	123
60	99
210	113
226	170
92	160
196	186
71	144
38	74
92	76
40	53
47	42
41	41
108	55
55	92
79	44
40	80
100	61
76	78
62	83
45	71
73	99
119	70
161	112
154	139
140	65
28	153
183	179
273	241
104	198
144	93
121	123
88	91
282	331
114	109
50	90
103	85
132	135
65	62
61	100
119	70
122	145
75	54
64	56
69	123
47	28
70	55
25	41
39	95
55	118
63	41
84	105
34	47
111	99
92	124
48	69
53	79
57	96
57	62
85	85
67	65
167	133
170	162
95	105
72	84
77	68
145	55
83	61
44	50
113	97
71	67
42	59
57	38
66	42
39	59
62	75
57	247
112	161
146	125
114	98
88	87
63	80
58	104
127	131
75	103
136	122
65	118
119	155
246	257
105	58
99	48
193	116
139	109
73	93
55	67
56	30
23	36
59	94
29	33
136	113
122	64
65	77
117	118
92	112
160	136
226	228
83	55
27	80
116	104
41	79
42	88
54	110
143	53
106	52
38	70
105	105
81	109
90	100
111	104
46	39
75	108
146	76
74	78
104	93
62	38
115	93
56	99
23	45
118	55
89	115
88	96
233	138
262	133
107	116
158	169
70	52
48	49
44	58
85	79
79	66
73	47
111	101
90	86
128	125
41	72
92	89
54	56
68	74
83	54
30	16
42	44
81	82
52	51
57	53
63	69
46	33
136	138
94	181
70	134
135	126
59	66
29	44
49	46
75	84
65	51
51	43
59	50
38	66
32	68
77	33
82	59
74	63
88	82
24	30
54	57
61	40
30	40
61	62
81	53
66	65
55	56
54	72
34	59
76	67
55	57
33	71
72	92
84	52
122	108
54	63
52	65
84	46
98	119
41	71
91	64
60	52
47	66
103	56
85	128
66	100
80	93
47	128
98	43
100	94
104	97
35	91
119	98
69	76
68	56
119	114
107	96
168	123
152	136
121	99
85	96
49	56
129	75
107	95
38	62
50	78
155	105
109	135
76	158
69	59
61	91
41	48
44	44
25	40
46	47
85	93
41	37
46	36
40	37
77	58
214	203
47	182
151	195
286	140
119	99
131	76
51	68
61	62
59	48
85	85
41	41
136	135
79	92
98	79
68	61
55	77
133	86
121	111
45	28
118	141
95	95
118	96
78	107
47	104
104	100
49	53
44	61
108	50
68	103
109	116
121	119
48	103
133	60
42	39
36	38
84	41
79	59
64	61
82	91
50	36
24	37
59	49
42	32
222	210
281	201
222	125
65	59
54	44
88	67
37	44
59	64
71	52
92	303
63	101
55	99
239	197
125	236
148	106
207	184
167	163
113	87
59	75
161	164
95	93
83	143
98	79
137	122
85	74
158	179
262	303
134	178
167	135
90	93
78	85
131	58
140	132
56	53
76	42
88	76
90	90
116	118
126	115
110	84
118	126
54	56
51	74
38	34
71	88
89	116
91	80
117	111
72	102
42	53
78	43
102	62
44	55
120	69
104	113
89	60
97	121
101	77
98	114
71	125
94	107
72	49
89	94
61	46
111	93
81	117
99	159
124	129
256	152
44	44
65	65
135	93
115	58
44	41
77	79
46	47
22	25
29	25
41	50
79	78
93	73
53	56
44	25
57	59
27	55
61	46
59	62
55	41
59	64
54	61
33	49
79	32
80	69
84	37
40	66
109	98
84	69
29	42
47	44
26	56
65	65
37	36
55	60
67	36
40	36
20	32
11	50
73	65
26	26
89	85
61	63
47	54
80	68
44	36
54	45
70	62
84	75
80	79
71	107
264	250
199	184
50	47
49	27
47	69
37	66
231	179
72	35
68	49
233	233
214	285
83	72
116	115
58	127
38	57
96	100
41	64
52	56
122	197
202	172
181	134
88	146
107	164
181	191
102	56
50	96
90	77
60	110
94	84
105	143
75	51
131	144
109	93
95	98
115	67
63	76
105	219
40	54
112	118
109	49
73	81
48	71
137	302
164	209
84	63
83	66
97	96
89	90
131	113
128	125
164	154
244	255
225	201
155	191
42	84
71	47
58	64
127	120
60	117
73	72
86	111
101	117
67	106
111	103
64	84
124	79
70	130
67	122
102	108
38	50
62	58
59	34
32	47
63	40
200	244
188	116
73	70
47	52
54	66
64	73
29	42
131	66
44	55
72	66
35	32
69	65
215	258
160	97
151	107
124	134
113	119
74	68
90	90
108	32
118	119
119	100
87	117
85	89
65	69
137	132
110	102
71	69
43	41
85	88
128	124
77	83
259	252
148	128
23	53
61	57
102	109
49	79
97	46
65	57
15	36
96	108
129	71
74	79
140	201
103	50
60	43
78	68
83	64
71	68
85	64
50	29
91	79
65	59
55	49
29	42
37	54
108	74
35	51
36	52
109	161
113	100
123	113
129	123
52	68
260	152
250	141
253	177
232	154
165	128
87	102
45	31
34	28
32	31
71	54
77	60
97	92
128	41
134	105
106	47
182	187
155	118
140	137
267	233
324	275
167	173
230	245
265	236
255	200
90	76
129	107
82	34
89	100
114	111
117	103
57	75
85	79
120	111
171	108
53	74
111	104
177	126
109	85
119	103
113	117
129	107
89	95
116	99
96	110
160	149
103	98
106	119
99	60
98	43
124	128
112	105
70	87
114	113
91	72
132	124
105	83
67	129
89	81
182	147
153	113
216	127
39	80
81	89
106	74
51	60
117	92
99	148
83	138
124	77
52	82
136	56
84	49
39	34
111	112
66	80
77	88
128	121
71	103
125	79
73	57
56	85
44	48
82	79
51	47
77	75
181	166
74	84
109	92
174	159
66	71
26	34
44	54
27	25
83	72
37	42
62	40
28	40
98	95
67	66
119	160
78	55
186	221
130	206
248	247
208	129
184	257
229	182
119	112
216	216
49	67
47	34
24	28
65	75
67	81
40	41
48	76
88	75
128	111
126	74
166	153
175	129
48	83
134	82
64	140
115	117
119	114
45	35
53	92
147	78
104	108
56	49
40	74
219	175
168	161
67	88
68	162
117	160
108	132
103	98
23	62
49	68
113	42
148	194
94	170
136	153
141	164
77	109
88	124
93	50
187	261
184	255
76	75
53	52
66	63
83	41
97	85
35	53
111	88
81	116
74	60
50	61
26	58
61	27
29	38
35	70
25	29
17	50
258	72
77	126
100	92
94	89
71	22
125	164
79	65
114	181
70	61
68	69
75	80
48	60
45	45
82	85
25	24
101	100
38	40
59	57
34	35
37	33
64	67
76	73
76	77
93	51
22	27
42	30
84	41
36	36
75	37
22	50
67	54
33	36
13	34
72	129
46	85
41	72
206	223
133	104
78	80
53	94
66	59
91	63
95	84
116	111
47	38
51	62
105	65
97	98
48	54
33	30
67	72
38	36
36	27
55	36
60	80
123	157
65	66
42	42
234	158
278	268
234	246
80	85
230	235
177	98
83	159
53	134
71	94
307	117
84	201
307	342
266	284
274	252
164	40
47	49
27	42
81	22
32	42
69	51
68	40
80	75
47	41
31	28
90	33
71	59
46	24
38	44
74	90
64	93
45	98
37	73
71	43
116	102
75	151
96	53
33	72
107	40
75	44
62	50
19	44
68	85
90	73
98	66
115	88
119	144
74	121
130	66
171	236
126	166
142	119
168	167
168	120
60	120
107	117
61	68
69	86
122	119
63	73
62	70
130	77
84	87
142	136
78	103
46	43
68	71
109	90
122	126
142	151
144	147
89	76
112	92
104	111
61	105
90	56
53	79
96	104
120	152
56	50
68	68
52	39
25	38
128	117
63	70
126	65
44	92
115	47
50	168
92	94
71	108
41	86
30	43
92	109
107	103
109	107
134	128
86	78
41	55
112	111
94	98
100	78
76	103
59	68
93	86
47	111
35	99
151	144
180	171
78	80
102	79
99	107
66	91
106	124
213	200
126	113
95	68
58	89
163	58
147	77
100	105
97	75
84	82
247	139
57	156
373	283
145	161
126	154
94	121
124	97
76	91
130	138
104	84
58	66
116	112
56	91
36	90
58	80
125	66
84	118
99	215
167	129
41	86
42	62
100	121
66	60
141	160
40	52
91	120
89	110
69	92
106	87
82	84
152	126
43	49
114	106
126	132
134	76
55	31
64	53
35	47
63	55
32	56
50	57
62	31
35	36
48	68
59	73
71	77
69	57
35	50
171	166
109	103
149	74
22	74
57	84
121	59
93	63
35	88
53	81
46	42
51	81
112	117
105	87
71	46
100	38
85	33
75	63
58	86
44	84
46	47
108	107
97	111
66	50
72	102
90	54
87	111
47	100
99	47
53	55
62	83
62	55
77	85
47	46
48	78
71	80
63	56
49	45
35	50
53	73
68	77
59	55
38	46
33	41
71	37
40	50
105	50
312	205
79	109
68	56
50	47
41	58
89	114
134	136
186	148
495	167
213	165
252	140
32	55
23	37
70	45
68	49
21	33
47	28
68	51
84	69
238	237
66	63
32	40
66	61
81	73
71	76
60	85
112	71
57	28
242	127
258	262
192	195
110	93
151	100
164	117
338	190
62	72
147	102
50	82
149	140
151	188
295	211
56	62
68	41
74	65
54	49
47	52
75	61
40	48
69	83
58	43
71	88
63	77
86	71
25	25
64	63
45	45
45	42
41	68
49	55
72	77
40	42
37	42
64	69
31	31
159	176
187	182
189	187
187	180
183	180
23	163
59	61
45	48
82	62
65	56
64	42
229	219
258	185
114	120
94	76
64	70
53	87
65	50
75	179
101	115
50	67
75	41
41	77
71	75
52	60
96	116
127	131
127	127
57	89
39	48
121	106
79	113
70	87
125	91
80	69
234	181
171	180
218	225
212	112
194	109
67	53
177	152
265	262
184	214
57	107
75	97
166	150
55	87
151	134
45	37
102	59
128	86
173	120
141	110
190	116
189	217
157	113
76	75
112	123
88	53
76	99
135	167
59	63
83	166
218	232
117	103
35	57
49	44
71	41
35	58
51	48
78	73
68	53
78	70
76	77
46	57
33	61
33	25
60	77
53	63
37	70
41	48
71	105
116	115
82	91
74	92
90	100
89	139
42	38
102	85
167	155
99	85
130	137
112	105
58	62
97	85
36	81
49	74
156	120
153	126
94	86
164	151
76	49
68	52
79	88
182	128
119	127
117	151
262	205
209	175
88	130
131	173
139	111
62	163
58	68
66	82
60	49
57	70
48	39
63	46
55	76
72	55
82	78
48	69
40	49
48	64
97	63
90	116
90	107
130	54
136	143
92	123
112	69
101	112
78	49
44	45
35	42
111	187
144	115
70	68
105	130
57	59
95	114
74	95
31	73
73	83
58	32
104	142
313	101
202	122
173	95
290	99
283	59
170	43
35	64
55	62
55	64
174	174
87	78
167	165
144	143
91	113
64	84
65	65
105	90
117	80
55	36
73	103
143	144
53	50
73	40
158	154
225	254
66	112
196	75
183	120
228	131
87	154
240	250
204	127
55	85
167	180
105	108
128	153
103	94
106	118
88	86
145	135
176	81
109	119
105	68
44	40
66	83
69	110
46	103
80	87
89	106
97	94
104	76
129	117
82	109
65	98
83	95
102	60
149	174
49	96
86	77
173	217
156	126
241	67
70	71
62	36
76	101
76	75
35	49
46	56
65	50
84	82
68	49
90	88
65	74
57	69
60	77
150	97
119	162
108	100
49	87
46	68
61	76
94	100
49	78
102	77
93	91
53	62
65	56
97	75
40	45
36	45
64	44
92	61
80	20
56	48
31	22
52	37
52	52
73	74
109	113
52	46
149	217
126	121
165	113
47	51
33	48
60	46
58	60
32	27
24	19
25	47
34	24
49	67
50	66
56	77
231	235
155	105
83	84
66	67
58	109
55	47
75	65
62	121
49	61
49	68
44	58
130	120
136	125
248	144
146	158
198	173
223	193
48	64
97	78
60	27
80	74
51	43
78	104
65	154
35	78
76	65
65	52
28	47
36	31
40	66
55	56
61	38
32	46
33	36
75	74
51	31
63	51
34	80
171	123
261	193
253	270
101	117
69	77
81	74
87	104
103	88
35	109
81	105
137	131
70	69
72	79
42	45
68	53
60	63
39	79
63	71
31	63
143	126
90	92
70	60
54	67
92	107
143	102
113	87
51	77
142	65
136	136
72	99
53	44
95	85
45	59
40	46
134	116
104	121
79	109
88	82
91	98
58	56
69	50
117	161
49	44
54	39
44	40
91	119
76	40
65	146
125	105
115	106
40	59
121	46
76	58
85	63
93	60
85	43
45	67
70	34
53	41
74	79
57	67
60	61
56	85
67	72
68	67
68	79
45	43
53	64
90	96
91	81
39	46
138	200
79	80
116	126
174	118
77	74
58	59
95	94
85	74
65	56
128	164
85	72
48	53
75	71
98	186
235	230
157	166
36	141
90	84
70	73
50	62
105	64
72	91
72	42
43	55
69	64
269	243
194	119
325	301
100	73
42	47
62	70
94	46
123	90
68	43
70	77
33	92
92	60
53	54
57	175
179	244
167	155
109	117
113	99
48	60
74	46
95	69
189	86
308	304
245	138
73	57
31	39
58	29
53	58
42	53
37	32
49	66
46	62
73	58
89	40
32	47
33	31
50	112
60	39
84	41
76	115
25	28
134	166
269	157
147	265
90	131
220	117
76	73
110	97
56	58
97	83
39	98
101	81
121	64
70	77
129	102
42	60
110	78
53	53
53	70
29	42
80	166
46	34
42	27
158	150
96	88
129	60
74	66
76	63
68	48
39	37
42	78
33	41
46	103
74	44
26	112
67	65
65	64
55	72
74	54
81	83
40	49
81	71
59	66
66	72
51	51
29	31
39	42
41	40
50	52
105	83
55	99
100	103
98	37
113	99
46	117
37	89
17	97
42	70
112	121
69	70
179	212
137	171
339	402
200	206
193	182
166	146
66	58
76	81
54	58
18	21
19	13
22	42
72	51
74	49
37	50
38	25
70	63
37	93
63	46
59	50
30	37
15	53
59	177
90	89
78	61
81	77
52	98
161	184
277	276
76	83
67	44
48	64
59	47
75	81
69	38
81	98
42	91
58	131
156	146
152	132
82	64
110	146
141	172
135	110
58	64
86	66
67	74
61	72
70	62
31	45
33	30
49	44
48	46
85	77
48	51
62	45
50	59
51	39
56	36
33	27
25	55
86	77
54	109
93	40
124	111
109	106
52	56
252	243
109	140
273	190
265	252
99	190
193	218
272	268
68	164
152	142
196	120
67	49
58	25
75	63
55	47
94	88
86	77
65	52
295	153
207	217
78	110
118	159
105	85
131	129
159	133
128	135
125	143
98	67
106	117
119	128
67	48
83	64
59	49
93	116
186	218
96	60
139	92
104	99
102	98
83	95
73	107
148	59
154	60
26	37
153	55
74	50
111	65
85	43
88	81
93	47
61	62
83	75
82	29
78	76
100	68
81	129
116	124
79	105
124	130
98	117
107	88
48	67
92	59
107	77
87	89
34	28
74	84
33	33
62	77
69	63
110	105
67	81
106	97
57	58
52	36
85	75
51	62
58	43
77	43
68	74
67	58
57	65
61	69
106	111
134	136
78	109
112	99
129	125
94	87
121	118
155	151
79	63
45	46
83	81
118	118
38	34
50	51
39	41
47	31
79	60
35	42
297	248
112	108
133	135
27	53
62	60
64	59
47	76
56	54
40	35
101	51
29	49
62	58
53	52
32	33
61	48
30	40
130	123
75	66
49	75
66	75
165	108
76	60
205	117
109	121
80	87
126	111
71	64
55	104
59	56
137	127
142	125
68	73
277	226
98	145
79	175
110	85
204	232
146	210
224	197
173	201
262	340
74	57
65	41
51	48
70	49
20	45
25	83
58	25
27	42
48	59
67	47
33	43
41	65
82	49
38	21
65	63
106	95
50	48
73	73
31	33
66	71
70	73
86	101
67	60
78	53
43	35
76	72
54	46
165	63
175	59
39	76
55	42
171	140
92	110
92	116
64	56
64	61
34	33
35	30
74	72
66	57
89	98
65	41
111	115
86	155
130	139
114	63
109	166
89	102
84	21
51	92
49	28
106	97
82	88
47	90
92	113
105	137
162	183
100	84
26	50
83	80
45	52
43	37
76	87
92	88
61	64
90	72
118	88
56	94
46	92
79	66
53	56
60	64
79	78
72	32
125	101
57	68
139	130
131	136
50	47
116	100
125	95
41	41
141	84
116	102
41	52
56	111
120	91
158	248
124	128
76	65
127	64
210	261
117	123
64	53
87	84
63	68
79	77
90	87
21	56
65	80
78	72
45	48
70	67
52	50
88	85
61	43
56	68
79	76
224	246
192	234
199	184
155	186
232	201
77	83
57	64
64	61
26	78
54	71
50	73
102	75
42	40
83	70
28	36
55	41
42	58
66	81
34	49
45	70
80	81
66	42
87	81
121	123
145	136
77	103
59	112
88	54
53	106
93	48
97	70
83	76
92	88
122	77
52	72
71	180
91	99
64	48
118	164
67	65
76	109
90	43
52	50
54	70
50	68
28	57
77	73
118	121
55	55
73	57
79	137
64	56
105	100
75	105
60	72
57	42
81	29
95	91
88	62
57	20
103	107
148	149
103	168
96	134
113	105
52	88
142	59
60	120
92	96
51	46
123	62
38	91
75	48
48	98
132	95
144	72
39	45
62	36
42	51
111	98
79	114
68	58
146	56
44	47
131	103
124	113
31	47
74	91
52	41
105	60
78	94
128	191
139	144
151	171
213	213
271	262
112	175
218	196
110	155
53	50
115	94
46	72
71	79
199	143
95	64
124	137
34	105
59	80
70	47
36	23
45	51
38	30
59	89
44	44
83	77
44	89
141	154
81	88
74	90
82	99
84	128
91	111
113	91
105	83
90	71
101	63
31	80
52	75
117	49
229	272
125	269
205	126
104	101
115	105
132	120
155	64
132	92
159	152
114	115
27	110
137	100
94	106
94	112
68	108
187	103
48	67
58	48
141	173
114	122
65	103
58	136
73	83
56	36
28	51
43	32
87	97
78	91
55	70
50	34
64	55
33	37
56	53
91	94
77	81
61	61
82	82
53	52
51	40
22	38
73	50
78	77
105	92
40	45
69	71
72	77
61	62
61	50
60	57
81	84
111	61
128	110
135	80
92	136
143	99
107	119
118	119
109	79
47	73
83	53
37	82
149	197
65	152
132	182
67	45
23	34
25	44
60	30
26	47
59	55
27	27
134	126
154	135
90	118
122	85
77	69
44	47
41	34
49	31
117	68
47	74
128	121
82	92
130	119
75	91
168	113
235	214
250	282
270	162
142	149
121	72
151	198
154	149
202	174
150	138
40	91
27	57
147	145
141	115
38	41
63	93
381	111
54	62
41	36
49	64
149	97
95	48
91	68
59	28
65	59
56	59
56	50
46	56
47	31
59	32
57	50
21	32
41	50
74	37
65	46
71	50
33	88
79	81
94	94
61	94
85	49
75	56
114	86
66	132
134	85
92	71
81	100
97	106
91	103
140	119
160	165
121	108
80	77
107	90
60	53
165	55
36	44
54	115
51	62
49	85
91	221
106	72
71	62
49	71
74	92
150	106
62	96
82	96
58	76
118	122
52	69
59	100
73	80
48	64
67	70
124	65
50	67
113	59
35	68
65	64
70	109
55	61
54	58
74	78
72	44
54	51
125	119
135	138
41	51
86	87
91	69
83	51
55	85
105	46
90	109
89	70
117	102
86	77
87	84
62	83
71	82
77	81
48	54
53	57
62	76
100	78
104	74
70	69
66	90
42	69
69	40
49	56
34	59
30	127
31	125
56	49
100	102
143	86
110	103
48	77
56	59
151	77
43	59
54	77
132	134
78	60
80	78
156	134
122	104
50	83
65	62
60	117
228	213
85	180
102	123
92	55
91	79
64	108
68	66
89	99
74	66
89	90
66	77
120	107
64	66
108	106
105	102
79	79
89	88
76	71
85	89
106	105
104	187
32	34
46	63
44	58
85	68
80	61
51	55
86	85
48	38
63	67
92	63
91	91
51	64
60	50
112	88
76	64
52	66
67	68
100	78
110	155
145	212
138	143
156	155
90	123
55	70
42	37
33	75
79	26
21	66
42	34
21	79
51	19
77	56
56	73
36	36
68	79
48	36
68	80
40	55
43	30
23	38
53	52
83	77
54	76
58	46
36	61
43	39
87	93
64	51
44	38
46	66
42	47
73	83
25	28
56	40
34	45
35	33
33	56
44	31
59	78
68	75
44	39
53	37
43	53
44	32
33	35
67	80
48	27
28	28
73	64
39	54
46	37
77	61
70	53
36	29
35	25
198	277
127	107
120	54
69	80
178	157
145	142
76	97
37	57
141	77
104	92
115	97
69	82
32	147
69	51
66	49
30	64
95	31
27	65
58	47
73	59
69	28
53	65
69	66
69	36
93	41
67	76
56	50
27	44
20	42
72	31
74	66
62	76
88	53
51	82
68	67
51	54
81	64
56	39
48	31
32	86
92	31
64	47
73	61
102	115
130	134
151	163
75	57
72	76
51	41
113	128
134	102
106	89
158	99
135	108
149	91
86	110
163	129
52	95
50	66
127	83
41	25
43	65
179	288
144	220
257	279
170	190
359	283
189	108
188	135
181	182
68	62
83	76
55	52
107	60
60	57
107	32
60	70
81	101
53	59
71	57
52	63
94	92
50	61
47	38
48	23
71	60
119	131
118	112
70	70
89	92
82	97
79	104
85	73
87	93
94	73
143	91
145	126
61	62
92	58
90	91
69	72
83	81
67	63
158	118
229	224
96	89
45	103
53	70
76	75
76	70
30	31
53	35
80	76
117	80
70	56
68	71
78	79
64	63
69	66
84	60
37	35
67	62
68	60
52	59
144	162
264	213
91	82
124	113
137	158
122	120
136	166
120	89
69	137
145	147
140	91
61	98
104	91
102	44
83	109
133	127
93	106
48	62
82	65
92	108
69	73
154	101
89	80
58	59
94	106
141	141
132	130
113	82
46	43
128	130
132	123
55	65
54	59
136	105
115	102
135	129
79	89
70	79
80	80
67	60
79	48
68	46
50	126
47	43
98	121
173	178
90	113
63	39
123	116
124	89
218	242
104	214
233	244
145	214
161	142
57	60
77	74
61	51
68	64
89	80
74	78
68	64
82	68
79	74
94	102
168	169
106	97
161	165
34	79
102	79
116	108
40	92
39	71
93	53
81	85
88	77
91	70
50	84
48	63
132	46
262	199
124	93
122	81
136	141
76	81
90	122
106	92
80	61
47	40
96	73
51	58
35	40
85	46
73	33
30	26
35	59
39	71
79	41
86	86
40	50
66	43
102	91
48	73
51	78
143	52
50	98
47	99
105	85
57	72
90	136
66	87
69	80
103	49
34	58
108	104
45	98
37	59
85	47
120	60
127	99
148	117
83	141
71	82
43	41
38	56
62	50
54	49
54	73
44	62
50	43
70	54
48	55
58	58
51	71
48	48
72	86
58	52
78	58
58	49
70	36
157	222
188	176
177	181
137	164
195	189
163	222
52	53
34	27
24	27
28	31
47	51
47	59
109	112
106	56
51	47
93	131
114	120
70	89
115	109
55	82
136	76
107	103
33	45
131	126
48	71
75	58
25	89
91	92
93	63
230	214
105	150
109	108
95	99
113	167
92	39
60	78
52	87
81	105
25	45
85	75
53	59
64	63
89	128
32	35
113	117
36	30
81	47
44	85
72	79
23	34
89	119
61	126
28	42
302	115
145	92
100	114
84	103
88	66
58	72
110	103
90	64
93	62
105	88
121	96
65	106
96	90
50	77
114	84
116	92
73	75
74	79
59	77
83	75
63	83
29	66
120	146
37	31
49	41
64	124
38	69
79	86
50	43
86	82
54	50
74	77
78	66
80	81
41	34
44	51
91	68
272	163
284	198
190	210
202	222
146	234
96	82
71	79
55	61
146	139
44	45
132	148
69	74
34	33
46	57
44	45
69	79
72	79
38	57
77	79
43	68
37	44
178	121
173	170
115	138
132	234
148	172
187	154
157	145
172	121
110	112
141	130
59	71
128	123
107	106
69	76
111	114
96	111
141	140
169	146
46	87
96	118
29	43
90	36
30	58
45	47
70	66
79	79
50	41
38	44
42	39
44	53
54	35
82	48
30	34
34	27
32	31
47	48
62	51
55	32
114	110
120	117
100	115
43	46
54	60
69	67
58	56
24	35
40	44
71	74
72	74
73	64
32	49
113	63
73	61
56	42
57	58
96	94
57	60
74	76
61	64
83	87
75	64
65	51
45	64
75	63
69	34
42	23
262	85
58	226
100	82
65	67
64	56
43	74
50	41
51	110
44	75
42	43
47	36
62	56
121	100
89	123
106	61
78	94
92	109
90	102
162	81
52	51
26	76
50	54
184	219
218	291
206	153
112	51
37	48
85	80
36	57
161	108
136	96
115	61
70	73
88	94
157	76
54	49
101	76
153	68
68	73
77	79
63	73
41	40
38	27
67	63
35	33
46	43
47	50
115	55
97	58
99	90
107	44
37	58
42	60
134	46
43	44
110	121
161	159
116	104
45	84
115	89
103	60
59	65
31	66
72	115
113	155
68	63
70	106
43	51
95	53
74	54
60	53
68	43
36	71
109	50
48	40
36	114
110	37
162	71
85	71
101	54
57	81
75	93
95	61
94	80
39	57
121	64
115	158
181	180
78	132
85	175
80	82
58	29
71	51
149	160
132	111
208	158
291	192
55	65
47	63
53	108
138	121
124	116
112	111
72	126
63	43
63	124
90	78
111	140
73	99
137	104
78	73
117	101
39	64
125	120
78	138
112	123
122	128
66	65
91	69
160	147
140	62
108	135
138	136
93	103
87	87
128	131
124	109
121	58
93	95
61	56
130	186
140	154
48	54
65	44
61	40
140	50
70	57
35	37
95	62
96	95
76	76
54	54
100	69
199	245
261	221
96	96
88	77
87	73
53	44
83	80
191	196
59	71
53	67
91	149
126	131
50	100
111	110
73	76
46	42
44	60
41	61
42	40
78	83
55	78
82	87
202	141
76	71
96	88
88	89
72	71
74	74
86	83
67	68
115	77
38	45
82	25
89	90
34	31
95	87
79	79
36	52
41	33
80	101
72	55
29	51
24	43
62	31
84	98
81	94
84	86
70	74
76	66
62	49
87	71
124	131
66	82
68	62
96	108
120	116
115	121
144	121
241	148
113	85
87	113
111	98
219	247
317	295
163	125
139	174
122	126
34	73
74	46
50	40
25	52
66	69
86	81
64	62
69	52
36	47
61	39
41	38
73	87
58	89
60	63
84	121
83	82
107	41
42	39
70	96
99	76
56	65
72	72
50	202
53	203
111	70
106	97
111	191
192	187
146	120
53	51
35	70
53	42
67	36
88	79
66	72
77	71
62	50
44	41
29	28
83	71
59	30
60	113
52	31
51	67
57	110
78	70
75	58
71	54
43	69
46	24
89	60
49	81
92	52
69	60
39	30
68	51
66	81
59	84
248	252
127	112
131	147
86	91
265	284
131	128
104	103
47	75
99	134
117	125
315	280
229	125
46	95
149	154
142	75
59	59
79	139
164	82
69	41
55	67
72	67
70	30
106	99
112	121
136	86
63	75
49	47
80	98
77	87
64	81
97	93
117	105
234	177
77	53
74	27
27	41
109	108
89	69
41	66
43	155
149	45
40	77
97	85
67	110
111	57
40	66
39	69
125	154
138	77
179	179
165	184
95	192
42	76
113	123
100	63
93	99
123	130
71	78
157	120
119	132
59	74
52	62
111	29
41	92
80	82
52	41
87	109
109	111
102	107
124	125
101	100
100	108
83	123
235	236
112	248
281	256
177	226
95	128
107	120
63	87
56	95
71	91
73	50
97	37
83	64
73	97
65	56
81	81
123	108
67	83
91	63
62	66
64	35
62	28
45	60
38	54
83	97
50	60
93	79
87	78
40	46
85	82
56	59
60	58
57	60
95	111
129	123
119	57
124	86
82	96
71	71
29	30
33	30
90	93
162	166
187	202
147	164
130	141
72	86
105	113
39	76
116	102
65	77
47	32
73	36
57	49
63	69
157	65
90	114
93	90
167	90
71	65
63	86
42	68
81	48
96	78
104	73
88	83
86	97
79	56
63	91
111	78
102	80
102	123
96	73
79	57
110	114
38	66
108	104
42	82
28	41
89	64
40	52
84	36
31	37
73	73
55	47
39	58
51	38
48	51
103	106
90	88
70	69
49	54
44	54
33	27
78	108
117	194
104	64
271	142
189	124
91	100
85	93
56	81
41	107
52	35
134	129
59	77
56	53
86	84
130	165
80	91
58	65
51	46
95	102
96	101
101	120
56	52
85	76
31	26
45	37
123	124
53	48
47	45
136	130
107	106
174	131
129	140
157	153
130	84
59	73
76	70
50	45
58	58
57	51
51	53
43	44
72	75
72	58
137	146
82	71
79	76
101	90
78	71
58	53
132	98
127	124
60	53
40	42
99	41
144	141
134	106
181	159
81	144
163	182
179	189
124	150
133	130
93	96
83	56
74	59
72	77
62	71
32	43
56	30
38	112
60	68
78	76
82	73
264	278
180	244
184	211
147	167
93	88
36	30
21	50
64	111
59	63
41	126
53	69
84	69
45	55
89	72
105	63
51	53
86	204
106	133
69	37
33	39
80	68
50	39
55	48
38	51
46	51
51	37
53	42
27	61
36	33
96	94
130	133
56	77
67	76
129	142
114	92
54	55
116	147
169	164
105	145
132	133
43	53
59	43
105	108
103	102
41	51
148	131
140	155
78	72
168	160
88	67
92	146
61	64
93	110
122	119
63	77
60	67
65	83
116	107
101	82
73	100
81	73
104	126
120	66
251	263
170	267
133	115
274	267
45	89
110	114
58	112
47	48
80	69
180	84
82	85
55	80
161	94
74	79
58	56
233	228
110	162
43	46
137	93
99	100
176	74
103	114
73	49
98	106
70	45
133	90
115	124
52	59
42	45
80	108
92	69
95	74
99	95
99	63
84	67
44	44
123	127
71	64
112	105
51	52
72	131
57	58
127	139
83	86
114	75
121	138
123	45
65	63
91	82
59	60
46	32
47	47
24	33
236	208
82	137
169	176
122	83
62	62
100	88
36	82
73	91
44	45
83	43
198	76
103	101
26	97
108	88
40	63
152	49
49	51
224	227
77	80
57	58
139	125
136	119
149	128
80	54
37	29
56	99
23	59
78	94
106	92
124	78
52	81
53	52
74	77
83	89
29	50
95	81
55	61
89	99
99	85
156	124
60	73
81	100
124	121
73	68
50	54
54	56
54	42
69	36
57	81
59	41
51	75
62	34
86	51
135	142
89	78
95	74
94	68
70	62
89	76
126	108
72	35
101	102
68	56
107	104
36	78
36	50
141	141
168	131
116	109
56	75
37	68
81	79
70	123
44	68
120	126
42	85
159	79
49	107
97	103
119	77
65	116
111	100
133	68
54	74
122	111
55	122
59	87
82	65
100	90
43	60
120	64
49	76
38	41
40	36
44	31
33	36
40	48
76	72
75	85
86	64
76	81
58	36
52	33
120	52
76	67
37	57
98	70
24	25
61	37
25	28
64	62
56	59
50	56
34	28
72	74
43	44
77	79
58	65
57	36
77	61
74	78
56	55
61	36
122	174
190	231
140	131
110	112
142	139
119	116
56	93
151	102
129	98
193	100
137	109
44	60
43	29
38	69
40	37
53	40
54	65
185	180
155	160
105	102
188	89
231	202
168	158
292	426
66	51
50	62
44	42
76	59
27	74
92	21
46	42
73	62
60	70
78	68
61	44
70	30
82	49
112	76
52	52
49	89
93	43
61	51
34	82
62	59
78	72
77	56
64	77
104	67
42	56
38	35
70	33
72	59
172	210
182	231
148	224
241	161
126	196
129	139
64	222
170	217
141	56
89	92
91	93
130	73
95	84
93	65
57	72
59	94
104	57
100	97
31	84
96	56
42	61
93	70
55	40
48	55
58	51
62	71
53	37
131	129
50	79
53	69
142	77
50	67
93	80
113	89
63	94
57	24
63	68
170	130
121	162
130	101
91	55
67	68
59	61
63	83
36	51
147	106
127	124
86	108
107	103
124	125
74	93
62	59
112	72
93	82
80	47
33	58
72	24
140	88
45	111
118	134
137	80
148	125
70	111
90	126
280	194
242	176
92	67
68	79
42	38
41	82
51	36
477	344
219	128
198	94
44	64
161	149
99	97
55	51
135	138
127	61
25	53
49	47
63	73
74	61
40	44
75	99
135	100
79	39
106	131
89	79
35	37
78	82
43	39
233	204
30	60
101	68
44	52
56	36
55	60
39	59
69	57
34	82
31	53
74	78
70	55
39	42
70	68
81	77
33	54
75	65
62	68
22	33
47	42
84	83
42	44
49	85
43	66
28	30
60	60
37	70
64	37
31	56
63	44
85	79
53	51
62	50
199	112
157	206
133	123
122	169
134	92
188	192
186	158
51	68
65	57
59	68
27	29
66	134
33	43
40	35
44	34
78	63
58	49
41	43
30	39
48	124
95	52
40	44
44	39
46	100
82	103
88	80
78	85
39	50
47	49
141	51
56	99
138	127
117	102
115	55
36	53
101	47
92	107
72	44
142	141
175	194
171	192
160	216
176	148
267	293
175	205
76	64
61	44
79	76
72	40
70	57
48	46
202	169
214	180
131	143
132	134
66	110
48	69
74	104
117	118
70	59
108	98
102	89
56	70
82	45
35	53
73	78
154	149
53	58
77	82
144	152
55	47
84	88
188	161
84	51
133	133
135	126
71	83
110	121
96	88
47	120
267	258
99	98
161	131
186	191
205	217
63	53
44	44
40	30
100	70
65	32
42	94
117	157
117	145
199	119
102	128
74	63
96	115
89	91
72	75
89	96
107	90
45	54
64	58
129	144
124	168
49	94
116	118
76	80
114	82
56	75
120	107
65	89
123	61
75	111
67	57
133	71
32	65
50	73
71	85
69	59
36	52
82	78
82	96
83	73
44	47
83	85
118	95
105	153
54	65
47	55
130	106
91	158
96	83
93	121
149	79
79	50
26	56
50	39
85	83
138	63
50	107
66	68
30	37
76	54
56	33
83	87
93	62
94	56
98	58
98	57
32	35
199	147
165	166
48	58
78	90
98	143
135	55
93	71
134	48
121	106
121	114
50	87
145	91
226	207
179	281
515	252
210	252
64	75
35	103
96	111
39	48
125	57
173	138
99	109
137	153
122	129
129	62
61	101
107	137
92	104
122	136
107	131
124	64
90	96
93	156
44	46
68	103
106	128
147	138
115	81
201	111
112	107
51	64
206	153
293	207
113	188
28	277
131	119
73	81
107	85
86	100
132	139
79	97
131	149
52	35
68	161
102	176
40	77
79	80
57	57
49	88
72	138
64	47
86	93
90	38
92	50
72	59
89	82
287	191
177	181
95	161
86	134
73	55
66	151
74	108
54	106
59	106
99	167
118	186
75	99
79	84
48	62
125	130
63	102
95	128
88	67
89	131
111	104
115	90
34	34
87	50
63	59
53	55
52	57
89	37
67	49
25	40
69	65
95	54
133	126
87	99
89	108
82	85
96	74
94	109
116	187
48	40
69	93
67	22
122	114
92	112
118	121
87	73
298	216
261	254
90	99
126	130
113	110
74	67
61	61
55	60
92	51
52	61
104	90
35	95
158	62
134	92
160	112
95	65
148	100
73	81
270	262
128	117
136	170
153	237
165	162
142	140
63	109
123	130
47	99
117	117
42	57
55	53
108	51
68	66
81	97
54	90
35	40
57	131
130	152
150	141
93	87
65	56
74	75
56	24
58	43
61	105
52	56
106	120
104	86
69	60
119	110
114	122
160	171
181	159
166	67
130	155
119	141
103	164
200	113
172	159
76	78
259	432
71	122
117	131
244	194
261	233
220	135
118	108
237	108
122	108
209	117
123	122
275	277
141	128
137	138
137	180
240	162
123	90
49	59
44	50
105	119
118	57
41	45
76	33
42	72
115	50
58	90
56	109
55	67
88	128
78	55
81	68
74	100
62	22
112	117
98	86
54	60
93	70
522	290
201	239
65	91
47	38
147	92
105	97
75	57
157	106
235	131
158	97
302	125
197	146
88	66
44	49
85	52
43	93
54	106
102	68
99	65
34	83
124	76
91	89
104	73
127	30
38	64
68	49
104	96
142	132
95	92
78	106
167	175
155	240
164	143
197	189
162	210
63	84
130	179
50	60
111	100
100	72
63	72
98	75
92	91
40	59
40	70
75	74
54	78
88	61
68	57
63	40
26	34
82	89
51	42
38	33
39	46
46	82
68	82
70	65
117	72
47	43
100	83
84	86
65	86
60	65
138	137
114	116
51	62
91	84
82	61
141	90
121	96
77	88
65	86
219	228
232	269
85	85
83	85
36	43
32	49
36	77
61	81
44	63
41	41
78	70
43	45
32	63
77	74
74	66
33	33
60	64
71	59
87	84
54	90
287	231
144	139
85	77
30	31
62	43
40	40
175	174
174	179
130	110
124	102
71	66
50	47
169	162
114	124
66	43
20	30
65	58
49	37
34	33
70	40
69	64
78	64
98	92
104	80
56	65
148	125
32	119
56	63
105	136
128	127
128	136
168	157
165	169
157	150
101	174
182	195
106	115
168	152
613	409
126	113
73	70
65	64
59	58
51	58
70	60
67	66
61	59
37	35
82	81
89	82
57	49
104	95
141	90
44	96
100	91
105	102
113	113
44	89
136	61
45	60
45	76
42	48
57	57
183	183
141	136
124	140
44	99
119	116
84	92
49	82
114	72
60	130
107	53
40	54
58	56
67	38
84	79
114	38
54	73
57	77
68	42
61	97
37	45
61	90
53	56
116	116
195	161
52	98
107	106
225	209
145	156
196	214
129	136
48	142
131	115
97	64
118	47
71	185
216	196
310	184
156	156
89	45
188	109
112	94
107	105
107	119
83	73
83	66
53	35
92	88
82	81
23	58
36	53
103	84
33	44
54	67
64	49
129	113
191	269
109	85
83	50
101	82
43	19
45	85
65	56
27	30
63	57
55	60
102	45
75	44
79	68
42	61
95	69
84	55
28	38
74	55
49	77
31	30
115	138
131	132
80	83
134	124
65	60
138	142
112	97
96	61
66	76
115	99
119	118
83	70
98	89
83	104
128	115
118	114
184	267
237	251
148	177
78	191
104	110
120	108
126	131
84	117
94	117
67	104
96	66
81	106
106	82
23	39
54	67
96	40
114	101
116	118
114	68
80	112
116	75
60	67
54	115
27	21
22	23
56	67
52	71
108	63
38	26
77	77
67	69
55	53
34	32
47	44
62	65
20	43
45	47
84	82
197	130
50	93
139	149
105	99
97	88
85	87
77	82
117	111
143	143
91	79
81	89
55	66
57	70
77	47
132	139
104	128
141	121
145	124
67	85
125	102
67	60
77	65
38	39
50	36
77	82
97	56
72	46
56	59
86	88
83	105
64	61
44	38
37	37
57	63
54	39
67	72
108	62
175	179
124	43
76	68
29	38
72	43
75	72
41	40
81	77
121	140
144	150
96	113
100	99
91	125
56	65
90	122
201	111
113	94
107	105
136	132
66	71
72	64
81	79
54	71
103	89
149	157
140	66
135	109
211	201
59	98
85	82
125	97
95	99
99	88
152	118
135	120
52	93
48	49
114	74
98	61
114	73
109	90
126	124
146	113
90	69
65	70
73	56
65	68
81	78
70	39
76	69
70	53
68	80
38	38
74	64
289	262
87	107
264	92
189	248
117	82
86	115
109	86
86	72
44	45
40	89
168	160
173	172
108	117
110	119
74	45
53	71
82	70
108	118
176	159
155	132
82	111
46	100
134	54
42	89
55	74
103	76
185	207
124	128
124	126
74	67
107	137
124	152
224	245
145	144
169	219
174	151
135	104
87	58
44	67
109	106
97	74
68	62
35	38
101	37
121	124
57	67
143	67
121	114
100	48
86	85
71	168
107	117
123	80
322	362
337	337
98	116
84	64
86	94
92	70
116	47
60	77
15	18
57	80
89	87
83	70
57	57
38	35
44	73
53	67
57	77
33	60
55	70
36	37
59	49
117	89
47	23
84	88
66	64
62	51
45	53
83	49
100	87
89	90
67	83
76	78
130	155
142	143
233	205
101	111
87	49
41	60
75	139
129	69
119	116
36	39
59	58
123	114
54	88
51	50
69	78
116	68
88	102
65	82
85	64
71	126
39	38
123	125
148	153
162	100
261	166
230	142
33	82
138	135
82	81
116	108
76	71
101	98
83	120
140	119
57	79
58	66
35	52
113	127
89	100
76	33
110	50
121	119
45	89
56	54
16	48
23	36
36	44
38	34
53	38
34	54
73	65
72	36
25	42
97	27
24	58
72	65
30	30
76	63
35	69
78	72
33	65
86	73
70	75
87	68
41	79
73	76
51	51
45	83
69	84
63	64
165	91
55	157
233	116
111	130
192	217
82	109
53	102
134	134
71	60
105	107
117	82
92	104
90	30
99	53
47	45
96	46
128	74
48	84
55	52
92	97
89	86
90	62
82	156
147	270
64	51
102	78
97	72
101	66
100	73
100	76
95	73
97	71
102	73
101	67
100	70
101	68
97	69
96	72
97	67
66	100
66	97
42	72
50	61
51	96
55	82
87	109
63	56
52	44
42	43
31	42
41	47
187	125
166	170
112	71
149	115
620	421
226	190
166	176
97	138
59	54
54	85
85	83
77	75
87	78
55	51
44	44
149	158
145	103
79	66
105	114
82	72
110	90
49	105
53	95
115	99
96	88
73	66
96	61
47	57
73	168
523	247
218	231
112	129
125	118
38	55
102	80
123	123
38	47
78	141
52	66
70	84
131	147
92	145
244	215
135	181
143	114
98	65
121	78
115	115
201	109
34	54
36	55
64	32
77	93
63	53
52	54
83	43
82	84
44	54
71	82
44	79
113	89
68	123
49	52
312	333
94	101
226	151
75	105
99	112
86	63
109	266
91	132
78	60
43	45
72	45
139	135
92	91
101	108
57	55
53	49
89	91
85	53
43	62
74	52
114	156
135	76
129	58
120	82
69	60
120	56
80	61
94	51
51	100
48	50
46	106
67	39
106	105
104	117
54	82
128	70
62	68
366	300
309	232
80	180
79	44
62	125
31	66
54	46
198	140
88	189
62	83
126	131
59	58
137	142
82	91
141	147
81	78
87	127
111	96
56	66
58	63
139	96
48	105
85	60
110	133
39	65
44	56
109	100
72	66
39	44
40	48
35	92
101	55
253	273
167	173
226	151
116	257
94	147
111	144
99	135
182	83
159	82
27	44
68	87
56	61
126	88
74	78
36	56
65	43
288	229
103	146
81	233
139	109
96	89
86	102
50	50
39	42
49	57
50	55
225	239
376	298
154	155
107	114
125	109
88	44
35	46
76	93
112	121
75	70
125	66
67	80
138	134
91	83
107	67
124	105
116	129
126	81
49	52
103	120
68	91
63	55
117	129
65	45
67	58
36	37
35	48
52	40
84	73
74	73
74	32
34	41
40	41
121	125
123	124
67	110
122	136
89	107
66	61
90	73
53	61
132	157
73	50
87	98
146	175
79	69
49	65
33	51
52	40
54	64
32	65
77	37
72	236
129	181
48	90
50	55
32	41
80	31
28	31
41	30
306	82
134	96
31	52
73	63
93	96
52	102
279	154
207	195
81	77
74	66
79	48
52	63
77	85
92	79
180	125
60	70
75	77
76	78
57	54
124	94
125	137
65	87
95	72
73	100
48	44
79	84
74	85
67	48
44	66
50	52
53	60
58	53
75	73
69	40
61	67
87	48
74	25
41	38
62	42
44	70
53	38
177	232
45	67
58	48
26	32
38	65
96	41
58	65
95	88
99	96
42	129
45	46
168	95
90	101
95	117
70	57
58	85
130	73
224	216
67	87
88	72
72	102
56	56
55	44
82	101
75	66
83	95
51	51
72	90
30	43
68	57
61	38
47	58
37	103
59	54
40	48
190	199
172	186
69	38
74	73
38	64
81	45
374	76
375	70
374	74
99	101
94	138
120	123
38	45
45	39
70	76
81	98
75	197
306	72
126	119
80	69
56	72
176	109
209	193
104	170
139	96
109	103
69	95
124	71
68	70
98	115
102	114
70	49
83	87
243	215
160	148
85	66
82	81
78	70
20	53
53	52
96	75
38	62
56	33
28	53
67	55
44	56
45	37
73	80
54	40
77	65
57	57
83	81
76	61
28	57
73	73
74	34
73	73
31	39
65	58
97	93
70	71
85	86
50	50
79	80
70	82
34	35
77	101
41	30
59	75
56	38
60	68
26	36
24	58
30	46
58	49
75	35
29	49
38	35
84	58
82	39
52	93
16	14
37	58
78	68
84	47
78	66
31	54
77	44
82	68
40	87
80	34
96	87
72	55
63	75
79	84
59	52
157	152
155	165
186	170
45	98
178	138
68	71
71	72
50	33
125	104
50	110
60	51
121	138
111	82
107	90
125	102
65	117
96	54
52	49
107	126
154	63
132	83
43	87
82	46
85	106
120	106
86	112
76	111
103	116
113	93
65	90
105	78
59	96
65	137
121	60
149	158
136	153
56	54
38	41
178	181
116	108
130	132
53	53
56	57
116	105
62	104
91	55
96	107
57	76
107	68
154	111
76	120
80	80
69	46
82	78
71	39
43	97
43	34
104	77
84	96
37	49
73	48
130	95
47	52
78	78
52	57
64	61
45	67
119	120
64	85
50	40
60	46
49	72
112	109
110	92
49	49
116	109
56	60
99	92
52	41
154	94
66	20
59	49
36	51
73	61
64	60
24	37
87	30
57	37
60	38
89	91
58	71
55	47
70	53
91	61
66	42
113	86
132	150
67	90
84	171
123	85
124	74
59	58
137	96
108	96
53	82
116	94
65	46
51	84
69	47
69	55
53	108
186	174
534	289
194	238
100	80
135	91
76	98
87	95
95	71
51	76
48	68
33	28
69	52
81	72
62	65
70	83
59	56
43	48
52	80
68	58
36	58
54	26
73	72
77	71
40	37
83	66
38	59
65	68
60	58
95	73
92	59
63	73
46	84
84	80
32	52
74	47
39	44
39	46
86	181
235	303
274	164
205	110
176	140
103	227
81	84
69	77
61	47
83	86
149	134
88	83
68	139
90	64
317	190
246	223
193	131
99	164
105	164
234	170
136	108
168	212
79	180
101	162
104	89
142	158
214	152
116	121
345	292
477	301
363	275
65	42
53	26
127	126
89	72
72	99
46	43
94	83
172	188
47	89
86	48
95	113
67	69
34	112
267	234
106	187
228	198
312	245
104	116
121	107
141	87
125	115
151	132
44	111
61	72
122	126
89	100
57	73
111	113
97	96
87	87
82	79
61	74
104	65
86	117
226	191
219	204
236	264
112	106
68	132
62	133
118	106
101	61
37	87
46	36
124	110
117	91
148	84
38	111
62	76
55	42
60	74
59	73
46	32
30	22
24	61
165	244
191	107
197	103
141	90
50	62
42	40
73	40
55	51
77	65
60	65
132	161
109	118
57	106
69	56
68	141
67	53
66	111
96	112
54	100
54	61
201	340
182	182
89	98
114	117
58	31
48	42
105	104
82	46
75	115
69	113
105	52
164	108
92	88
92	140
126	138
83	94
285	176
69	77
79	80
76	91
78	74
75	35
55	100
96	55
49	83
42	87
117	114
139	138
51	55
55	47
105	112
61	75
75	98
152	190
153	127
149	107
77	63
70	49
80	73
197	212
204	229
139	63
229	133
94	67
92	92
33	32
118	125
81	55
103	100
58	69
56	57
85	82
68	69
69	113
75	71
65	83
67	54
80	55
68	107
94	103
212	231
73	188
233	124
34	79
81	74
32	85
32	68
100	127
152	76
133	134
86	105
84	50
51	54
38	53
56	31
55	60
64	65
57	54
36	55
72	49
61	69
42	67
42	73
67	34
73	75
55	62
26	69
47	30
31	65
47	50
43	56
85	89
184	117
113	107
163	212
156	98
118	59
94	106
93	45
110	117
107	74
71	54
51	56
39	50
36	60
53	37
51	37
74	86
69	74
227	220
85	89
50	59
51	96
80	64
77	45
106	111
119	48
54	61
110	115
65	59
156	145
202	139
88	131
94	127
116	36
71	72
38	45
77	58
69	63
66	57
54	32
111	86
49	40
87	92
34	41
79	148
74	62
45	53
93	69
46	58
91	93
73	49
217	118
85	134
83	95
50	66
82	51
55	64
88	28
93	34
122	82
72	69
82	104
109	99
128	108
67	85
82	87
123	98
37	82
89	92
55	65
90	92
52	41
115	74
49	53
57	66
73	52
58	79
87	120
82	73
130	120
42	62
58	73
81	118
67	87
78	66
42	55
93	86
68	103
119	139
88	62
90	67
70	57
103	66
66	69
167	79
101	103
59	62
150	84
58	70
112	95
84	69
28	35
74	61
69	38
36	58
58	57
23	34
81	33
21	38
129	109
74	62
76	60
28	54
89	51
65	49
29	48
62	42
72	69
28	30
44	64
29	36
26	41
51	47
38	52
110	73
79	91
38	69
93	102
89	86
39	61
107	129
157	148
85	74
96	45
122	94
74	85
103	125
113	111
98	76
117	116
55	74
56	39
73	52
132	79
82	108
103	93
46	52
51	69
295	195
101	116
167	180
158	101
94	124
221	193
114	121
102	48
102	71
100	115
117	188
104	89
47	81
109	50
71	55
40	75
38	61
101	105
100	108
114	107
58	68
87	105
47	60
54	63
95	104
41	118
232	122
138	152
39	107
153	74
150	145
69	80
53	44
68	91
77	79
87	101
86	96
112	106
45	76
138	122
58	85
107	98
56	79
89	113
60	101
86	62
87	84
183	176
114	159
141	221
238	212
128	188
249	127
142	114
279	151
141	151
173	192
39	45
72	81
36	33
34	30
59	88
102	70
50	71
27	30
54	77
39	43
89	96
143	108
75	77
65	68
132	138
127	125
71	83
129	92
165	158
72	63
57	61
160	112
165	147
75	136
72	134
50	57
37	60
155	51
108	84
33	75
96	60
119	105
88	108
50	47
89	92
59	77
141	69
181	175
120	134
49	106
38	70
138	139
81	102
103	97
96	106
88	57
81	63
116	97
76	113
128	116
97	122
127	133
124	215
67	142
247	225
249	251
77	86
55	59
47	52
108	80
84	32
176	169
166	149
178	177
150	148
38	82
251	255
217	202
281	165
52	109
128	201
139	104
57	63
73	63
78	98
128	133
83	98
111	141
141	85
140	123
136	74
180	141
137	129
51	89
186	162
150	180
129	81
214	243
103	70
72	123
66	54
76	70
115	118
135	85
98	91
137	77
53	61
59	75
140	144
114	85
114	114
82	78
39	44
35	58
112	102
59	74
33	55
95	48
63	65
44	65
95	101
81	51
100	94
63	67
93	86
119	120
118	69
78	91
96	60
92	74
133	133
137	123
59	96
110	64
60	62
67	81
93	106
40	35
44	37
45	118
46	71
47	79
87	36
124	133
125	142
90	112
120	139
27	64
76	97
34	62
67	106
43	69
59	51
47	72
125	113
115	57
77	101
46	102
38	77
